148
807
385
259
247
269
46
381
266
77
161
1771
64
148
312
89
132
82
564
474
49
16
2
185
419
1801
66
2
75
675
61
279
1
1
390
564
463
1732
1832
972
1814
78
663
720
757
448
1217
1053
747
281
1238
614
621
10
8
233
40
8
410
564
438
742
238
776
543
644
157
1
30
1
66
1
71
204
1143
396
1
52
856
1
59
715
205
250
538
483
345
319
281
434
290
40
206
710
643
1706
1136
893
657
104
1
27
8
571
498
8
538
538
544
538
540
1
571
72
514
644
136
341
583
580
1
571
646
71
590
1285
295
571
1842
571
571
569
572
571
371
566
566
549
567
521
519
423
528
522
520
517
518
519
704
519
518
519
519
518
521
519
518
517
519
599
518
519
518
519
518
517
518
518
518
519
518
518
518
518
524
520
419
518
518
563
518
571
205
192
303
109
583
441
290
247
27
81
475
19
1800
133
468
149
550
57
431
26
429
732
19
851
1696
1284
837
403
310
362
43
185
2
153
5
1
180
9
23
6
50
1
25
219
84
108
5
112
131
2
113
15
167
899
24
442
528
745
211
13
60
113
67
47
215
67
90
25
298
124
56
11
1
160
96
475
180
292
180
47
386
8
6
154
124
8
260
1
16
204
95
431
88
5
2
900
90
60
1
574
32
8
240
296
24
134
408
72
65
69
3
141
1
105
1
1
2
6
271
171
125
3
6
1
334
178
305
304
304
216
169
301
3
364
6
65
14
62
7
46
633
7
35
19
113
138
550
81
27
352
256
135
877
65
124
208
29
1
234
1
2
18
28
35
1
346
181
10
1
3
100
161
130
1
102
3
7
1
600
134
42
1
3
1
2
1
29
7
63
130
13
11
15
150
11
83
100
28
171
5
18
82
21
28
47
312
28
111
79
14
269
96
366
8
1
5
36
127
8
2
4
3
4
315
83
129
36
290
6
1
1
14
114
66
52
25
276
144
17
4
662
1
1
8
187
1
65
91
196
6
82
255
271
310
48
427
15
1
41
160
332
91
286
63
1
1
7
237
63
12
10
1
9
15
3
65
192
118
25
39
34
137
177
122
501
298
24
250
4
1
13
85
24
44
399
27
47
335
264
44
47
103
11
67
130
126
4
10
13
30
11
1
3
8
9
299
3
43
51
428
35
30
168
581
31
5
57
9
24
124
46
21
603
2
444
1
14
43
7
21
1
33
1
1
1
26
155
61
4
8
122
2
73
3
61
25
2
11
11
13
57
22
32
8
7
32
16
20
2
10
7
3
31
273
94
19
15
8
44
5
143
77
7
25
91
129
23
29
395
4
4
36
80
152
66
93
187
273
38
20
42
45
18
12
72
42
268
86
22
162
14
137
5
10
1
1
44
2
1
1
9
3
3
3
2
19
2
9
3
72
15
928
142
9
13
3
20
27
15
3
33
7
38
28
54
2
253
34
281
41
18
9
4
271
62
11
1
427
32
4
1
47
33
19
361
99
32
428
28
37
2
57
10
1
1
2
5
1
23
100
153
34
385
125
168
17
319
139
1
1
5
1
1
81
1
7
291
27
6
5
9
91
10
161
7
27
11
8
21
5
44
24
90
302
98
33
79
84
32
2
94
128
77
1
6
10
358
109
164
161
3
3
101
25
55
68
16
1
10
1
202
248
15
180
102
66
112
3
30
87
68
52
12
16
8
4
1
81
105
30
1
34
9
70
39
9
14
6
15
9
597
16
1
10
17
6
9
32
5
13
25
14
16
41
45
3
1
91
9
79
1
38
91
42
69
64
11
15
74
108
224
163
55
181
1
1
1
22
105
89
404
230
297
112
422
92
80
42
24
11
48
231
223
47
15
20
194
3
1
35
57
1
43
81
91
20
7
10
23
37
39
23
1
4
2
1289
7
3
269
9
13
169
21
25
43
89
5
107
4
1
6
6
58
9
40
56
94
51
44
1
1
35
1
180
70
11
13
156
61
64
13
16
13
13
1
4
3
9
1
5
135
91
150
20
16
209
6
32
66
3
5
1
1
48
21
1
26
57
34
7
1
1
1
1
5
86
24
1
2
10
13
18
58
1
2
90
171
83
51
6
1
1
1
1
19
33
21
31
123
29
85
2
1
2
1
7
24
7
7
112
94
425
1
50
1
1
2
35
1
38
3
27
56
68
2
16
18
8
55
2
18
230
7
29
183
77
4
582
113
260
7
12
7
30
3
48
6
2
1
1
3
7
7
1
4
27
9
11
1
112
54
21
20
81
14
3
61
37
48
96
15
60
54
31
276
25
35
48
12
1
12
26
1
11
118
4
18
9
2
106
19
106
209
1
71
5
1
1
177
14
29
4
24
20
25
12
5
18
1
23
27
25
4
14
1
3
1
59
1
111
16
5
106
1
1
28
1
18
1
1
1
57
119
91
19
20
34
111
39
29
23
177
20
1
49
2
32
7
34
73
41
3
1
3
18
37
3
1
2
3
9
30
16
32
56
8
54
2
38
223
58
14
3
1
12
1
14
31
8
47
24
5
155
80
34
4
1
1
1
29
103
4
20
117
86
33
1
1
1
15
30
18
1
1
1
2
5
1
7
183
4
40
4
1
7
1
14
61
55
13
8
9
41
4
1
7
1
1
1
8
15
19
33
4
35
97
26
4
1
32
1
2
1
44
1
53
2
4
10
25
42
10
1
29
64
96
20
9
3
37
1
14
9
4
76
15
1
41
1
1
1
18
255
17
1
48
14
1
22
47
27
13
64
1
27
30
3
57
30
60
15
67
4
7
147
6
6
2
10
33
2
1
3
1
1
10
5
14
31
14
18
36
1
121
40
48
15
16
154
65
22
98
2
11
8
38
6
8
55
21
42
5
1
1
1
1
1
1
135
18
45
2
56
1
6
1
1
1
1
1
34
1
5
2
13
22
95
12
1
2
208
18
2
8
4
6
3
17
19
2
71
8
54
1
1
1
1
1
18
1
3
37
23
2
1
2
30
3
21
7
7
26
5
23
4
6
1
1
2
9
2
13
20
2
5
9
2
1
10
2
8
13
1
8
5
45
14
1
1
1
2
23
38
3
1
6
1
1
23
11
22
23
5
6
1
1
1
1
1
1
1
1
1
1
1
1
1
1
102
4
1
34
21
135
14
2
1
2
1
4
1
2
4
1
2
1
1
72
13
1
112
1
3
2
3
25
4
233
15
49
30
17
1
85
5
20
3
7
1
31
41
21
262
9
1
3
12
3
260
43
7
1
33
2
1
1
1
2
6
1
1
1
1
3
3
1
28
1
1
29
2
8
2
2
18
2
62
61
1
14
7
167
42
22
8
1
29
2
12
1
29
9
13
12
12
1
42
23
1
9
95
6
1
6
1
1
50
17
22
6
7
62
22
18
31
53
24
1
107
56
31
5
1
1
32
32
1
1
82
6
70
3
1
1
1
1
1
1
2
1
1
54
28
11
1
61
1
19
6
1
3
37
1
25
30
5
2
17
81
1
20
3
13
11
4
8
6
159
3
1
5
4
13
14
3
1
5
77
1
7
8
9
3
14
10
7
63
61
22
4
2
19
6
17
1
11
3
23
14
3
1
1
2
17
1
3
183
3
6
1
2
1
31
50
3
2
2
3
1
2
12
1
10
1
14
60
17
73
1
5
84
45
80
44
12
5
53
1
6
2
37
2
13
8
1
5
3
20
1
5
74
19
2
5
20
1
1
1
1
22
123
2
11
1
23
12
6
37
3
1
1
15
21
1
7
197
43
12
50
22
1
1
169
2
1
1
1
1
1
2
1
109
5
9
1
1
7
1
2
2
1
1
5
1
1
1
34
23
1
8
22
2
16
10
60
55
15
1
47
20
2
13
1
21
4
1
1
7
13
1
28
1
1
1
2
1
6
6
1
5
1
4
5
19
1
10
1
1
1
82
19
5
11
15
3
1
5
1
2
19
14
104
7
12
80
2
2
1
14
1
1
2
1
1
50
1
1
5
25
37
15
44
26
1
30
36
39
1
2
1
189
8
8
2
2
51
5
25
61
1
10
1
3
9
7
1
12
27
142
45
11
8
2
1
11
1
10
7
112
1
47
5
38
1
1
15
5
2
3
18
10
4
1
18
6
18
4
31
2
3
25
2
13
4
17
8
3
3
1
15
1
2
65
62
65
7
41
2
8
1
1
11
21
1
3
1
7
3
2
3
4
33
7
6
14
6
13
28
2
1
64
13
7
18
16
20
1
2
2
1
1
4
4
3
15
5
10
2
1
7
8
3
1
1
1
1
105
13
230
32
39
1
1
22
1
21
14
40
32
69
2
5
41
78
55
13
1
1
7
19
34
2
30
6
10
2
34
45
1
1
1
1
4
1
1
1
1
1
1
2
1
1
2
54
3
8
2
6
46
7
1
2
1
7
1
1
15
1
14
23
2
1
1
1
1
1
1
17
1
1
1
1
1
2
8
10
8
1
53
12
6
2
84
15
2
8
7
1
6
32
1
1
1
2
7
12
1
1
1
21
2
8
4
36
8
4
12
8
40
59
5
7
29
2
4
1
2
15
1
1
1
18
3
34
2
1
1
1
1
2
11
28
4
11
5
3
2
36
1
3
6
31
30
12
4
1
1
1
39
74
1
1
3
17
1
1
1
12
1
1
6
4
33
5
1
1
1
1
1
1
1
2
1
1
1
1
12
5
12
17
1
1
1
1
29
26
10
2
4
20
3
1
4
5
1
6
10
3
1
1
5
1
1
1
1
4
1
4
1
4
1
1
1
1
8
36
2
17
1
3
1
9
1
4
24
43
4
27
5
68
1
6
2
1
10
10
44
1
1
2
1
1
47
1
14
1
23
10
61
7
1
10
2
1
15
1
34
1
7
1
2
1
1
42
2
20
32
1
1
2
22
1
1
1
67
4
10
22
11
29
8
1
1
2
1
2
1
1
1
7
7
1
1
9
42
12
3
21
7
5
1
1
3
2
10
1
15
2
7
3
4
25
3
1
66
6
6
7
1
1
1
9
16
1
1
23
36
5
2
15
5
19
5
26
1
11
4
1
1
3
4
1
26
19
5
15
16
34
8
45
3
5
4
2
3
1
1
24
4
5
6
1
63
12
1
11
1
18
8
1
110
5
15
2
12
3
3
14
78
1
8
4
4
4
1
10
5
10
1
12
5
2
11
3
1
1
3
21
1
1
1
24
3
23
40
2
2
1
1
1
1
33
1
1
5
5
23
1
76
1
2
1
7
11
9
1
2
1
14
6
26
3
10
15
25
2
7
1
1
1
13
1
1
11
70
4
2
1
52
2
2
2
4
7
17
3
5
1
2
1
1
3
5
2
2
3
1
1
1
1
1
1
91
18
6
12
2
1
1
2
1
1
7
4
3
12
4
1
11
8
1
1
5
7
4
1
28
24
1
2
38
5
1
3
2
1
1
1
1
1
7
1
2
1
2
1
6
1
1
31
5
3
3
1
1
2
1
25
6
6
7
20
2
6
6
3
1
1
1
45
13
6
1
17
23
16
1
1
1
1
4
28
3
6
4
12
3
10
2
14
6
5
1
1
1
17
16
16
14
1
4
5
24
1
1
6
1
14
11
27
2
46
17
4
9
3
36
1
2
9
6
15
28
5
4
13
17
4
15
1
1
1
1
1
1
11
2
8
1
1
1
1
33
3
11
3
1
2
15
1
2
5
9
1
3
3
24
3
1
39
19
9
1
1
1
19
3
11
4
2
1
1
1
3
1
1
38
22
1
2
1
1
1
2
1
1
14
1
7
1
16
3
9
43
1
6
1
1
2
1
2
2
1
1
1
1
1
3
17
1
1
1
1
6
4
9
48
3
1
2
1
1
1
1
1
1
1
1
1
2
2
1
1
1
5
3
1
1
1
1
2
27
23
25
4
1
1
1
1
27
42
41
44
1
2
1
29
6
8
1
1
2
7
55
8
7
1
2
3
36
14
135
1
1
1
1
1
1
1
5
33
1
5
1
1
1
5
6
35
1
12
1
1
6
1
1
3
6
3
15
40
4
1
2
11
1
2
9
3
32
42
15
1
2
105
1
6
6
2
13
3
5
1
1
1
1
8
9
4
1
16
4
20
15
1
7
4
7
1
1
5
15
10
2
1
3
5
1
4
8
1
1
3
1
1
1
6
13
13
2
81
11
6
2
1
75
1
1
1
1
1
1
1
2
10
4
1
1
10
16
15
1
1
1
4
14
2
3
7
1
5
1
31
4
3
3
3
1
45
3
1
5
1
1
2
6
1
1
1
1
18
1
1
1
1
1
9
3
2
6
3
3
1
1
1
12
4
2
1
1
1
1
6
48
23
1
1
1
1
1
1
1
1
2
1
2
3
1
57
1
1
2
1
3
1
1
1
1
35
20
9
3
2
1
1
18
39
2
1
15
1
5
57
43
1
1
1
1
1
1
22
10
8
10
17
11
11
4
15
5
2
2
1
2
1
1
1
1
1
1
1
5
4
1
9
1
1
5
1
12
20
7
4
1
1
2
1
2
2
17
1
19
1
1
18
9
1
1
28
1
1
20
14
23
3
52
20
1
6
27
7
1
1
1
1
2
1
8
2
9
11
4
1
2
2
1
1
73
1
1
2
1
5
74
21
1
1
3
2
1
1
1
1
5
1
1
23
1
10
1
1
1
1
9
1
7
4
1
1
2
2
5
1
3
1
1
13
7
40
4
9
2
1
7
1
4
1
3
15
1
1
1
1
12
5
1
1
51
1
2
2
1
1
18
2
15
7
33
1
2
3
6
1
1
1
1
1
1
1
1
1
1
5
6
1
2
1
1
19
8
3
7
1
2
1
5
1
1
4
1
1
1
4
1
1
7
5
37
1
1
17
5
12
1
1
1
1
4
6
1
1
1
1
1
1
1
1
1
1
1
2
1
29
1
27
1
1
1
1
1
7
11
1
14
1
12
21
52
4
1
4
2
1
1
7
3
1
1
1
2
1
4
3
38
1
1
1
5
1
3
1
1
2
12
9
9
1
6
14
18
1
1
1
2
1
1
11
1
1
2
7
1
2
3
10
2
14
1
1
1
4
1
1
1
1
1
1
11
1
1
1
5
1
1
1
1
1
15
7
11
22
29
8
53
3
4
1
1
1
8
1
1
1
12
1
26
16
4
2
2
1
1
1
1
5
1
3
4
1
5
1
2
2
1
6
7
13
25
2
2
1
1
1
7
9
10
2
23
12
122
74
10
1
6
1
2
1
1
2
1
1
1
15
2
1
7
8
1
1
1
1
1
2
4
5
1
2
1
3
7
3
3
2
27
7
5
8
3
1
1
1
1
7
9
1
5
2
1
8
2
14
1
8
4
3
8
1
8
8
2
14
15
8
1
8
7
19
7
1
5
2
3
1
1
11
2
2
2
1
1
1
1
1
1
7
3
1
5
3
1
4
3
23
13
107
1
2
18
9
3
1
32
36
21
1
1
6
6
5
1
50
1
1
1
10
1
1
1
1
1
1
1
1
1
12
2
7
32
5
9
2
1
13
3
1
1
1
1
1
1
1
1
1
2
1
2
2
1
1
2
3
1
1
1
1
2
1
1
5
2
25
26
1
6
12
12
1
13
1
9
2
2
14
1
1
1
2
11
1
1
5
12
1
2
17
1
1
5
2
9
24
6
1
1
1
1
1
17
22
1
1
60
13
1
1
1
23
24
10
8
10
1
9
3
1
1
1
4
12
1
2
2
20
11
5
1
1
1
13
3
2
1
1
27
4
4
11
9
4
3
1
8
2
5
1
1
1
2
4
1
1
1
24
1
1
1
63
6
1
12
10
6
18
2
10
10
7
4
14
3
5
1
2
1
7
2
3
13
2
7
2
8
1
1
3
4
98
8
3
2
1
3
1
1
2
2
14
11
9
9
1
1
2
1
9
16
1
6
6
1
3
26
1
1
2
21
4
1
1
1
3
1
2
2
2
1
30
4
1
9
1
2
1
2
2
4
8
19
1
1
1
2
12
2
2
1
6
5
2
18
1
2
1
1
2
1
1
1
2
1
11
1
1
1
4
1
8
1
1
16
3
5
9
1
2
7
2
3
34
9
2
1
2
12
7
1
4
2
1
10
1
5
2
1
2
2
1
1
8
1
2
1
1
1
7
1
3
1
1
4
2
2
1
1
7
1
4
3
1
4
2
3
1
1
2
1
2
1
1
1
1
1
1
4
1
3
4
1
1
2
1
1
3
4
2
6
2
2
4
3
17
8
1
7
1
1
1
1
1
1
1
3
2
1
16
15
2
1
7
16
2
1
7
3
2
1
1
3
3
3
1
7
1
1
1
37
42
3
1
1
2
2
1
2
1
6
1
5
2
1
3
1
23
1
6
5
1
1
1
2
1
1
5
1
9
3
3
13
3
1
6
4
3
2
3
1
1
1
1
1
3
11
1
5
4
6
14
1
16
15
1
5
2
1
11
28
1
1
1
3
10
1
1
1
2
7
2
5
1
1
35
13
1
9
1
2
4
1
1
1
1
1
1
2
2
1
1
1
1
3
1
1
2
3
8
2
3
1
6
6
1
5
1
1
1
2
1
9
4
4
3
1
1
2
1
5
4
1
1
1
4
1
5
1
3
5
1
3
2
2
1
1
1
10
46
1
1
3
11
6
1
1
1
1
1
3
13
2
1
1
2
1
1
1
1
1
3
1
14
4
1
11
1
1
1
18
4
34
1
6
21
2
6
5
1
2
5
2
2
1
1
1
2
12
2
3
3
1
29
2
1
9
5
1
1
1
11
1
1
1
1
1
1
1
2
1
2
2
1
1
1
2
3
8
2
1
2
3
1
3
1
2
2
1
2
1
5
1
4
2
6
3
2
1
1
1
1
1
12
25
7
9
22
5
4
1
1
1
1
53
7
27
42
1
12
1
1
1
14
1
1
1
1
1
1
1
2
7
3
7
2
2
1
3
1
1
1
19
2
2
5
3
1
1
1
1
5
1
1
1
1
1
1
1
2
1
3
9
4
30
20
1
1
2
20
3
1
1
4
3
6
7
3
2
4
4
8
14
1
3
2
1
1
1
1
2
5
3
3
3
1
1
2
22
7
3
5
2
2
2
6
1
1
1
13
1
1
1
1
1
2
1
2
3
1
1
2
1
1
1
1
1
18
6
3
6
13
4
3
17
14
1
1
1
15
19
5
21
5
1
1
1
1
2
11
1
12
1
3
1
1
1
1
1
2
3
1
1
22
3
1
3
1
1
1
5
1
1
5
1
1
1
1
4
2
1
1
1
1
1
5
11
8
16
4
5
3
1
5
1
1
1
1
5
1
1
1
1
3
2
39
1
7
1
1
1
1
1
1
3
3
1
1
1
1
1
10
1
2
1
1
1
2
4
1
6
1
1
1
1
6
1
1
1
1
9
4
2
3
1
1
5
1
1
2
1
1
2
3
2
2
6
2
5
1
1
1
1
1
1
1
8
3
1
1
1
1
1
1
3
7
1
10
5
1
1
1
2
1
1
1
1
7
3
6
2
2
2
2
1
1
1
1
2
1
1
1
1
16
1
10
1
44
1
1
2
1
2
3
1
2
2
15
1
2
2
1
1
1
30
2
1
2
1
1
1
1
2
1
4
2
1
5
1
3
1
1
1
1
3
1
1
1
2
1
1
1
1
1
4
1
3
1
1
1
1
1
1
1
1
3
1
3
3
11
1
3
2
21
3
5
1
3
1
1
1
2
17
3
18
2
1
1
2
1
1
1
1
2
1
2
8
5
1
1
1
1
1
1
3
5
6
1
4
13
1
2
2
2
2
7
11
11
2
6
11
9
2
3
1
1
1
1
1
1
2
3
1
2
1
1
1
1
1
1
3
1
3
3
6
1
9
34
5
1
2
2
1
1
17
3
1
3
4
1
1
4
1
3
1
8
1
3
1
3
1
1
15
1
1
12
2
2
2
1
10
6
1
9
4
1
1
3
1
1
4
1
3
1
1
1
2
1
1
1
1
1
1
1
1
1
3
1
3
2
3
1
2
4
2
2
1
1
2
16
5
1
1
17
10
5
27
1
9
3
3
15
1
3
2
1
1
2
1
1
15
1
1
1
4
2
2
1
1
1
1
1
2
1
2
2
1
1
2
1
6
13
2
1
3
1
1
1
1
1
1
1
3
6
2
24
1
2
8
1
2
1
3
1
1
1
1
1
1
10
1
62
1
1
2
2
1
15
2
1
1
2
2
17
1
1
1
2
3
1
1
1
2
1
20
6
1
7
1
1
1
1
1
2
1
1
1
1
2
1
1
1
14
1
2
1
1
1
3
1
3
1
1
1
5
2
3
1
2
2
3
5
49
2
1
12
18
2
2
1
2
1
32
2
2
1
1
1
2
10
4
3
1
1
1
2
1
1
1
1
1
1
2
1
1
2
4
6
4
4
1
4
1
3
1
10
1
2
1
1
1
5
1
1
1
3
1
2
1
12
1
4
4
9
4
1
1
1
1
1
1
1
1
1
1
2
3
2
2
1
1
3
9
3
9
1
1
1
1
1
1
1
1
1
1
5
1
1
1
6
1
1
1
1
1
1
11
1
1
1
1
1
1
1
1
1
2
1
1
3
2
1
1
1
1
1
3
2
14
5
1
6
6
1
3
4
2
6
1
1
1
1
1
1
1
1
1
4
1
1
15
1
3
2
1
2
1
3
1
9
1
2
1
6
11
11
1
5
1
4
1
1
1
2
9
1
1
1
3
3
1
2
1
1
1
10
3
1
26
1
1
1
1
1
1
1
3
1
1
1
2
2
1
1
2
1
1
1
1
1
1
2
6
1
1
4
6
1
1
1
1
1
1
1
1
3
1
3
2
1
1
1
1
3
4
2
1
3
2
1
2
1
1
3
12
12
10
1
1
1
2
1
2
2
1
1
2
1
6
1
1
1
1
5
2
1
2
2
2
2
2
1
1
1
2
1
1
1
1
1
3
1
1
1
1
4
2
1
3
1
1
1
1
2
1
2
1
4
1
1
1
1
6
13
1
1
1
1
1
1
1
1
1
1
1
11
2
5
1
2
1
1
1
1
1
1
1
1
1
1
2
8
26
1
1
1
1
1
21
2
5
2
1
4
1
3
2
3
8
1
4
2
2
1
8
1
1
1
6
1
1
1
1
1
2
1
5
2
13
2
2
2
8
2
4
28
31
1
1
1
1
2
1
1
1
1
7
5
1
1
7
1
3
1
1
3
3
1
2
2
1
1
1
2
1
1
1
1
1
1
1
5
1
6
1
5
1
1
10
1
2
15
1
6
3
5
3
1
3
4
3
1
1
4
72
1
1
1
1
1
1
1
1
2
2
2
1
1
2
1
2
1
1
1
1
3
1
1
7
7
8
11
3
1
14
2
2
1
1
4
15
9
1
2
1
19
1
1
1
1
1
1
1
1
1
1
1
3
1
2
7
2
1
1
3
2
6
1
3
6
2
1
1
1
2
3
3
4
1
1
1
2
1
2
1
1
1
2
1
1
2
1
3
1
1
1
1
4
1
2
1
3
1
1
1
1
1
1
1
3
1
2
9
1
1
1
1
1
7
1
2
2
1
1
1
1
1
1
2
1
2
7
4
3
3
1
1
7
8
3
1
1
1
1
1
7
9
1
4
5
1
1
1
1
2
1
1
10
3
2
1
1
1
2
1
1
2
4
1
1
1
1
9
1
6
8
2
1
2
1
2
1
6
9
5
1
2
1
1
6
1
1
3
2
2
2
1
4
32
1
12
3
2
1
1
1
1
2
1
1
1
1
1
1
1
1
1
5
2
4
3
1
1
1
1
1
1
1
3
1
1
1
1
4
7
2
1
1
1
2
3
2
1
2
2
1
2
4
1
5
1
1
3
6
5
1
1
2
1
1
1
1
1
1
2
1
2
4
6
1
12
1
1
8
4
52
1
1
2
1
2
2
16
1
1
1
1
1
1
1
1
2
3
1
4
1
2
3
1
1
3
4
7
1
3
1
1
1
1
1
1
1
1
2
12
1
2
3
1
1
1
1
4
1
4
1
13
6
1
2
1
2
4
2
4
20
1
1
1
6
1
1
2
1
2
9
3
3
2
2
1
1
1
1
1
1
3
2
8
1
1
1
1
1
1
1
1
1
1
1
5
1
1
3
1
2
1
1
1
1
1
1
1
1
1
1
12
4
3
4
2
4
1
1
4
1
1
1
5
6
1
3
1
1
1
1
1
1
2
2
1
1
1
1
2
1
3
4
2
5
2
1
10
2
1
8
2
1
2
2
2
1
1
1
1
1
1
2
3
6
7
5
1
1
1
1
6
1
1
1
1
1
1
3
1
1
1
1
1
1
1
3
3
1
1
1
1
1
1
4
3
1
1
5
1
1
10
1
1
1
1
1
1
1
1
1
1
1
1
3
1
1
6
10
1
1
1
1
1
9
1
1
3
3
1
1
1
1
1
5
1
1
1
1
1
1
1
3
1
3
3
1
1
3
1
1
1
1
1
1
1
1
1
1
24
3
1
4
2
1
2
1
6
1
1
1
1
16
1
1
1
2
1
1
1
1
1
1
1
1
1
1
1
1
1
2
1
1
1
2
1
1
1
1
1
1
1
3
2
2
2
4
4
4
2
22
1
1
1
1
1
1
1
1
1
1
1
26
6
5
1
1
1
1
1
1
2
1
2
1
1
1
1
1
1
1
1
2
1
1
1
1
2
1
1
2
1
1
1
1
1
2
1
2
1
5
11
2
1
1
1
1
1
1
2
40
1
1
1
1
1
2
1
5
1
4
11
2
1
2
2
3
2
1
2
1
1
1
1
1
3
2
1
1
1
1
1
1
1
1
1
1
1
1
1
1
1
1
1
1
5
1
2
6
4
1
1
1
1
1
2
6
2
2
4
3
1
6
1
1
1
1
1
2
1
1
1
1
1
1
2
2
4
1
2
16
1
1
1
1
1
1
1
3
1
2
2
1
1
8
2
1
2
1
4
1
1
6
2
6
1
1
1
1
2
2
3
1
1
1
1
1
2
2
5
1
5
1
8
2
2
2
1
1
9
5
1
1
1
2
1
1
1
1
1
1
6
2
1
1
1
1
3
1
1
1
2
2
1
3
1
1
1
1
1
1
1
1
1
1
1
5
1
1
4
1
1
5
3
9
2
2
2
5
15
1
2
1
1
1
1
1
1
1
1
1
1
1
1
2
3
9
1
1
9
1
1
3
1
1
1
1
1
3
2
2
4
3
1
1
1
1
1
1
1
1
1
1
1
3
1
1
1
1
5
4
1
1
3
2
1
1
1
1
1
1
1
2
7
1
5
1
1
1
3
1
1
1
1
1
3
1
8
1
1
1
1
1
1
1
1
6
1
1
1
1
3
1
4
1
2
2
3
3
1
8
1
1
31
1
2
1
2
1
2
1
1
2
1
1
1
1
2
1
1
1
1
6
1
1
1
3
2
1
1
1
1
1
8
3
3
4
2
3
3
15
8
1
1
4
7
1
1
1
1
5
1
1
1
1
2
1
1
1
1
1
1
1
1
1
2
42
1
1
1
1
1
1
1
4
1
1
1
1
1
1
1
1
1
2
1
1
3
1
1
1
1
1
1
1
1
2
6
1
1
2
2
1
1
1
1
1
3
2
1
1
1
2
1
1
1
1
2
1
6
1
1
4
1
1
1
1
2
1
1
2
1
1
1
1
1
1
1
1
1
1
1
2
1
1
2
1
2
2
3
2
1
2
1
1
1
3
2
3
1
1
1
1
1
1
1
2
1
1
1
1
1
1
1
1
1
1
2
2
3
1
3
3
1
1
1
1
1
1
6
2
1
1
1
1
1
1
1
1
1
1
1
1
1
1
1
1
3
1
1
1
7
1
1
1
1
2
2
1
3
1
2
1
1
1
1
2
1
1
1
1
1
10
1
4
1
9
3
1
1
3
2
1
1
6
1
8
1
1
1
1
22
2
1
1
1
1
2
1
2
1
1
12
1
2
1
1
1
4
2
1
1
1
1
19
1
19
1
1
1
2
3
2
2
2
15
1
4
8
1
1
1
1
1
1
1
1
1
1
1
2
1
1
1
2
1
1
9
1
1
1
1
3
4
2
1
1
1
1
6
1
3
1
1
1
1
3
1
3
1
1
1
1
1
1
2
1
1
2
1
1
1
1
1
1
1
1
1
3
1
1
1
6
1
3
1
1
1
1
1
1
2
1
6
1
2
1
1
1
3
1
1
1
1
1
1
1
2
6
1
1
1
2
1
1
1
1
1
1
1
1
1
1
1
1
1
1
1
1
1
2
1
13
1
1
1
1
1
2
3
6
1
1
3
1
1
1
1
3
2
9
1
1
3
1
1
1
1
1
1
1
1
7
3
4
4
1
1
1
1
2
1
1
1
1
1
9
2
1
1
1
5
1
1
1
1
1
1
1
1
1
1
1
4
9
1
1
1
1
1
1
1
2
1
1
3
1
1
1
2
1
2
1
1
1
1
1
1
4
1
13
2
1
2
2
2
3
3
2
2
1
2
2
1
1
1
1
1
1
2
3
1
1
1
1
2
1
1
8
10
2
1
1
1
1
1
5
1
1
1
1
1
1
1
1
1
1
1
1
1
3
1
1
2
3
1
1
1
1
1
2
1
2
1
1
6
2
1
1
1
1
1
1
1
1
1
1
1
1
1
1
1
3
1
5
1
1
5
1
9
2
1
1
1
2
5
1
1
2
1
1
1
2
2
6
1
2
1
1
1
1
1
2
2
1
1
7
5
1
5
1
6
1
1
1
1
1
1
1
1
1
1
2
1
1
1
3
2
1
1
1
1
3
1
1
1
1
1
1
1
1
2
1
2
2
2
1
1
1
2
8
1
1
1
2
2
10
4
1
1
1
1
7
1
1
1
1
1
1
7
1
1
6
3
1
1
1
3
3
1
2
1
1
1
1
1
1
1
1
1
2
1
1
1
1
2
1
1
1
1
1
1
1
1
2
1
1
1
1
1
6
1
1
2
1
1
1
1
1
1
1
1
1
1
1
1
1
1
1
1
1
2
1
1
1
1
1
2
1
1
1
1
2
2
1
1
1
1
1
1
3
2
1
1
1
1
1
2
1
1
2
1
1
1
1
1
1
1
1
1
1
1
1
5
1
1
1
1
1
1
1
1
1
1
1
1
3
36
2
1
2
1
1
1
1
1
1
5
8
9
1
1
1
1
1
2
1
1
4
3
1
1
1
2
1
4
3
1
1
1
1
8
1
1
1
1
1
1
1
1
1
1
1
16
1
1
1
3
1
1
1
1
1
1
1
1
1
1
1
1
1
1
1
1
1
1
1
4
1
1
3
4
12
2
2
3
10
1
1
1
1
1
1
1
1
2
2
24
6
2
5
3
1
1
1
1
1
1
4
2
1
1
1
1
1
1
1
1
1
1
1
2
1
1
1
1
1
1
1
1
1
1
1
1
1
7
1
7
2
4
3
1
1
1
1
1
1
1
1
1
1
1
2
1
2
1
4
1
1
1
1
1
3
1
1
1
1
1
2
1
1
1
4
1
1
1
1
1
1
1
1
1
2
1
1
1
1
1
1
1
5
2
1
2
1
5
2
1
1
4
4
3
1
1
1
1
1
1
1
1
1
1
1
1
4
1
1
1
1
1
1
2
1
1
1
1
1
1
1
1
1
1
1
1
1
1
1
1
1
2
1
1
1
1
1
1
1
3
1
1
1
14
1
1
1
1
1
1
1
1
1
1
1
1
1
1
1
1
1
1
4
3
5
6
2
1
1
1
1
1
3
1
1
1
1
1
1
1
1
1
1
1
1
2
1
1
2
2
1
2
1
2
2
1
1
1
8
5
1
1
1
1
1
1
3
1
2
1
2
2
1
1
8
6
16
5
5
3
1
1
1
2
1
1
1
1
1
1
1
1
1
1
1
1
1
1
1
1
1
1
3
1
1
1
4
1
1
1
4
1
1
1
1
1
1
1
1
1
1
1
3
6
2
3
1
1
1
1
1
1
1
1
1
1
1
1
1
1
1
1
1
1
1
1
1
1
1
1
4
1
1
1
1
1
1
1
1
1
1
1
1
1
1
1
2
1
2
1
1
11
5
1
1
1
2
1
1
1
1
1
2
2
1
1
1
1
1
3
1
1
1
1
1
1
1
2
2
1
11
1
1
1
1
1
2
1
1
1
1
1
1
1
1
2
1
3
4
1
1
1
1
1
1
1
1
13
1
5
6
4
6
1
4
19
1
3
1
1
1
1
1
5
2
2
8
3
1
2
2
2
2
1
1
1
3
1
16
5
2
1
1
3
1
1
1
1
1
1
1
1
2
1
1
1
1
1
5
1
1
1
1
1
1
1
1
1
1
5
2
2
1
3
14
2
1
5
2
1
1
1
1
1
1
1
4
14
1
1
1
1
1
1
1
1
1
1
1
1
1
1
1
1
1
2
1
21
8
5
2
1
1
1
1
1
1
1
1
1
1
1
1
2
1
1
1
1
9
1
4
2
2
1
1
1
2
1
1
2
1
2
1
2
1
1
1
1
1
1
1
1
1
1
2
1
1
1
1
1
1
2
1
1
1
1
1
1
6
22
1
1
1
1
14
1
1
1
2
1
1
1
1
1
1
1
1
1
1
1
1
2
2
1
2
1
1
1
1
1
1
4
1
1
1
1
1
1
1
1
1
1
1
1
1
1
1
8
1
6
1
1
1
1
1
1
6
2
1
1
1
1
1
2
1
1
1
4
1
8
1
1
3
1
1
1
1
1
1
1
1
1
1
1
1
1
1
6
1
1
1
1
1
2
1
1
1
1
1
1
1
1
1
1
1
2
1
3
1
1
1
1
1
2
1
1
2
1
7
1
3
1
1
1
1
1
1
1
1
1
1
1
1
1
1
1
2
3
2
1
1
3
1
1
1
1
1
1
1
1
1
1
1
1
1
1
1
1
1
1
1
1
1
1
1
1
1
7
2
1
1
1
1
1
1
1
1
1
1
2
3
1
1
1
1
6
1
2
3
1
5
1
1
1
1
1
1
2
1
3
1
3
1
1
3
1
1
1
2
1
1
1
1
1
1
3
1
1
1
1
2
4
1
1
1
1
1
1
1
1
1
2
1
1
1
1
1
1
1
2
1
1
1
1
1
2
1
1
11
1
1
2
8
15
1
1
1
1
1
1
1
1
13
1
1
1
1
1
4
4
1
1
1
2
9
1
1
1
1
1
1
1
1
1
1
1
2
1
1
1
1
1
1
1
1
1
1
1
1
1
1
3
1
4
1
3
1
1
1
1
1
1
1
1
1
24
1
1
1
1
1
1
1
1
1
1
1
3
1
1
1
1
1
1
1
1
1
1
1
1
1
1
1
1
2
7
3
1
1
1
1
1
1
1
1
1
1
2
1
1
1
1
3
5
3
1
1
1
1
1
1
1
1
1
1
1
2
1
1
1
1
1
2
12
1
1
1
2
1
1
1
1
1
1
3
1
5
1
2
1
1
1
1
1
2
12
1
2
1
1
1
1
3
2
6
1
7
1
12
1
1
2
1
1
2
1
1
1
2
1
1
3
1
1
3
3
1
1
1
1
1
1
1
1
1
1
1
2
1
1
2
4
1
1
1
2
1
1
1
1
1
1
1
1
1
1
1
1
1
1
1
1
1
1
1
1
1
1
1
1
6
1
1
1
1
1
1
1
1
1
1
1
82
1
214
185
989
1267
1267
239
2
1
2
1189
6
9
4
1
4
557
6
25
22
22
581
1086
6
1
4
9
5
2
2
74
4
4
3
118
30
3
5
17
371
19
98
38
4
240
1
2
4
79
71
1
2
1
1
1
1
108
163
6
59
43
1
9
7
1
1
206
11
11
113
45
1
76
1
147
112
35
78
1
1
11
14
145
56
5
3
1
4
8
2
31
7
2
1
4
2
1
48
4
1
1
1
1
29
19
1
2
25
22
1
1
4
2
2
37
31
1
5
41
16
4
1
6
5
2
11
1
1
2
4
1
1
31
1
1
9
7
4
2
2
1
10
228
1
2
20
1
2
49
2
2
1
2
1
2
1
8
1
5
5
44
8
2
16
2
1
1
1
4
1
1
1
1
1
1
1
69
1
1
60
1
1
63
1
1
100
1
1
1
2
1
5
7
14
5
3
2
17
1
6
1
2
8
18
3
4
3
2
1
1
10
3
112
6
16
1
2
2
15
3
43
2
1
2
1
3
16
5
1
1
8
129
1
2
1
3
2
2
1
2
8
1
1
2
5
1
4
2
3
8
5
131
3
41
3
1
2
5
4
2
2
25
1
2
2
1
1
1
1
1
1
30
1
1
3
14
6
2
3
6
9
1
2
1
1
1
1
1
1
1
2
4
1
3
1
5
1
1
2
4
1
1
3
3
36
1
1
1
6
1
1
51
8
16
1
5
2
7
4
7
1
2
1
36
1
1
1
4
8
2
15
1
2
1
1
1
3
1
2
8
4
1
6
26
7
1
3
1
13
1
1
3
1
1
1
3
1
2
1
3
1
5
3
29
1
1
1
2
1
1
1
1
1
1
2
2
2
1
1
1
7
1
1
1
1
1
2
1
1
2
1
1
1
1
4
1
1
1
1
6
2
2
1
10
5
3
36
2
2
2
5
2
3
8
7
12
2
1
1
2
1
1
9
1
1
1
57
2
2
8
1
1
1
1
1
1
2
1
1
1
2
43
7
4
6
4
1
1
1
3
2
3
5
2
6
1
4
1
1
2
2
1
2
2
11
1
2
1
1
2
20
34
1
1
7
8
36
2
1
2
1
1
2
5
6
2
1
2
1
2
1
2
1
2
4
2
1
2
3
2
1
1
3
1
3
1
1
1
1
1
1
1
1
1
1
3
1
2
2
1
1
1
12
20
27
14
9
1
1
1
1
3
2
12
2
1
1
2
1
1
1
1
1
1
4
2
1
3
4
9
1
2
1
1
1
1
1
4
1
1
1
1
1
1
1
1
1
1
1
1
1
1
1
1
1
1
1
33
2
4
1
2
1
7
1
1
1
1
2
1
2
1
12
1
1
2
20
1
1
3
1
1
1
4
2
1
1
1
5
1
4
1
13
1
1
1
2
3
1
1
2
1
2
1
1
5
7
5
1
3
3
2
1
1
4
1
2
1
1
2
1
6
5
1
1
1
1
2
4
1
1
1
1
1
1
3
2
1
2
3
1
16
2
2
2
2
8
4
2
1
1
1
1
1
16
2
1
25
2
2
2
5
1
7
3
5
1
2
1
3
1
1
1
1
1
2
1
1
1
1
1
1
2
1
3
1
1
1
3
3
1
1
1
1
3
1
1
1
1
4
1
3
1
4
1
1
2
1
1
1
1
1
1
1
1
1
1
4
1
9
1
3
1
1
18
1
1
1
1
1
3
1
1
1
1
1
1
1
1
6
3
1
1
1
1
1
1
1
1
3
2
1
1
1
2
1
2
1
1
18
3
1
3
1
1
1
1
2
2
8
1
1
1
1
1
1
1
1
4
2
4
1
1
1
1
1
1
1
5
2
1
7
1
1
1
4
2
2
1
4
1
1
2
1
8
1
2
1
1
1
1
3
4
1
2
4
1
2
5
1
1
1
1
1
1
1
2
1
3
3
1
1
1
1
1
3
1
3
1
1
2
8
1
1
1
1
2
1
1
1
1
1
2
3
1
7
1
1
3
2
1
1
2
3
6
1
1
1
3
1
2
2
4
3
1
1
18
4
8
2
3
1
1
1
1
2
1
2
2
2
1
6
1
1
1
3
1
1
1
3
3
1
4
4
1
1
2
2
1
1
1
1
1
1
1
2
1
3
3
1
1
1
3
1
1
1
2
6
1
1
1
1
1
11
2
2
2
2
2
2
4
2
2
2
2
2
6
2
2
2
1
1
1
1
1
2
2
2
2
2
2
4
3
4
2
4
1
1
1
1
1
1
1
2
1
1
3
3
1
1
7
3
1
3
1
1
1
1
6
1
3
1
1
2
1
2
1
1
1
1
1
1
1
1
1
3
1
8
2
2
1
1
1
4
1
1
1
1
6
1
2
2
1
1
1
1
1
2
5
5
3
1
1
1
5
3
1
1
3
2
2
1
1
1
1
1
1
1
3
1
1
1
1
1
5
1
1
3
3
1
4
1
1
1
2
1
3
1
2
1
2
1
1
1
1
1
2
1
9
3
1
19
1
3
2
1
1
1
1
1
7
2
2
5
10
2
2
2
2
2
2
2
2
2
3
1
1
1
3
4
2
20
8
1
3
6
1
2
1
1
1
1
2
1
3
1
5
1
1
1
1
1
1
1
1
1
1
1
1
1
1
1
1
1
1
3
2
1
4
1
2
2
1
2
1
1
1
1
1
1
1
1
1
5
5
1
1
1
1
1
1
1
1
1
1
1
1
2
1
1
2
1
1
1
1
2
1
1
2
1
1
1
1
49
1
1
1
1
4
1
1
1
1
1
1
1
2
1
2
3
2
1
2
1
1
1
1
2
15
3
1
1
1
1
10
2
2
1
1
1
1
1
1
1
1
1
1
1
1
1
1
1
2
4
5
1
3
8
2
3
1
1
6
4
4
1
1
1
1
1
1
1
2
1
1
1
1
2
1
1
1
8
6
1
1
1
1
2
3
1
1
1
1
14
1
1
3
2
1
8
1
3
1
1
2
1
3
2
3
2
7
1
1
1
1
1
1
1
1
1
1
1
1
1
1
1
1
1
1
1
8
2
5
1
5
1
3
1
1
1
1
1
1
3
1
1
5
1
1
2
1
1
1
5
1
1
1
1
1
1
1
1
1
1
1
1
2
1
4
1
1
2
2
1
1
1
1
1
1
5
2
1
1
1
4
7
1
1
1
1
1
1
1
1
1
4
1
1
1
2
1
2
1
1
2
1
1
1
2
3
1
2
1
1
2
3
1
3
1
3
1
6
1
1
1
2
1
2
1
1
1
3
28
1
1
1
1
2
1
1
1
2
1
1
2
1
1
2
1
1
1
1
1
1
1
1
3
1
1
1
1
2
1
1
1
1
2
1
1
1
1
1
6
4
1
1
5
1
1
1
1
1
13
7
1
1
1
1
3
1
1
3
1
1
4
3
1
7
1
1
1
1
1
3
1
1
1
1
1
2
1
1
1
1
1
1
3
1
4
1
10
2
1
1
8
1
18
1
3
1
2
1
1
1
1
1
4
5
1
1
28
1
1
2
1
1
1
2
1
1
1
1
2
2
1
2
1
3
12
16
1
2
5
2
1
4
1
4
1
1
2
1
2
1
1
2
1
1
1
1
2
2
1
4
2
1
2
2
1
1
1
2
1
2
5
1
4
3
3
1
1
1
1
2
8
1
7
1
1
2
4
1
1
1
4
2
3
1
2
4
4
5
4
1
1
1
1
2
2
1
1
1
1
1
2
1
1
2
2
1
1
1
1
1
1
1
1
1
1
1
1
1
1
1
5
1
1
1
1
10
1
1
3
1
5
3
1
6
1
3
1
1
1
1
1
1
4
1
1
2
1
1
1
1
3
1
1
1
1
1
1
1
1
18
1
1
2
1
1
3
5
1
2
1
10
1
1
1
1
2
3
1
1
1
1
1
3
1
3
1
5
3
1
1
1
1
1
1
1
1
1
1
1
1
1
1
1
1
1
1
1
1
1
1
1
1
1
1
1
3
2
2
2
1
1
7
1
1
1
1
1
1
1
1
1
2
1
1
1
2
1
1
1
1
1
1
1
1
1
2
1
1
1
2
1
1
1
5
2
1
1
1
1
1
2
2
1
5
1
1
2
3
1
1
1
2
1
5
1
1
1
1
1
1
2
2
2
2
2
1
1
1
1
1
1
1
1
1
4
1
1
1
2
1
2
1
1
1
2
4
3
5
1
1
4
1
3
4
1
1
1
1
1
1
1
5
5
1
2
1
1
2
1
1
1
4
1
9
1
1
1
3
1
1
1
1
1
1
1
1
1
1
1
1
1
5
5
2
1
1
1
2
1
1
1
1
1
1
1
1
1
2
1
1
1
1
1
1
1
1
1
2
4
2
3
1
1
1
1
2
1
1
2
3
2
1
1
6
1
2
1
1
1
1
1
1
1
1
1
4
1
1
1
1
1
1
1
1
1
1
1
2
1
4
2
2
6
4
1
2
2
1
1
1
1
1
1
1
1
1
3
3
5
1
1
2
1
1
1
1
1
1
1
1
1
1
1
1
1
1
1
2
1
1
1
1
1
1
1
1
1
1
3
1
1
1
3
2
1
1
1
1
1
3
2
2
2
5
1
1
1
2
1
2
1
1
1
2
1
1
1
1
1
1
1
1
1
1
1
1
1
4
3
1
3
1
1
2
6
1
1
3
1
1
1
1
1
1
1
1
1
6
1
3
2
1
2
1
1
1
2
2
1
1
1
3
1
1
1
1
1
1
1
3
1
1
1
1
2
1
1
1
2
1
1
2
1
1
2
2
1
1
1
1
4
2
1
2
1
3
2
3
1
4
1
1
1
1
9
1
1
2
1
1
3
1
2
1
1
1
1
1
1
1
17
1
1
1
2
2
1
1
1
2
1
1
1
1
1
1
1
1
1
1
1
1
1
1
3
1
1
1
1
1
2
1
1
1
1
1
1
1
3
1
1
3
4
2
1
2
1
1
1
1
1
1
1
1
1
1
5
1
2
2
3
2
1
1
3
1
6
1
1
5
2
2
1
1
1
1
1
1
4
1
1
1
1
1
1
1
1
1
6
1
7
2
1
1
1
2
1
1
1
1
7
1
1
3
1
1
1
2
1
1
2
10
1
2
2
1
1
1
1
4
1
4
1
1
2
1
1
1
2
3
1
1
1
1
1
1
1
2
2
4
6
1
2
2
1
1
1
2
1
2
1
2
1
1
1
1
2
1
1
3
1
1
1
1
1
1
1
2
2
1
2
1
10
3
1
1
1
1
2
1
1
1
1
1
1
1
1
1
1
2
2
1
1
1
1
1
1
2
1
1
1
1
2
1
1
1
1
1
1
1
1
1
1
1
1
1
1
1
1
2
2
3
2
2
3
2
3
37
17
2
2
1
1
1
1
1
1
2
22
1
1
1
1
1
1
5
1
2
1
1
1
2
1
5
5
2
1
3
1
2
5
1
1
2
1
1
1
1
1
1
1
1
1
1
1
1
1
1
1
1
1
1
1
1
1
1
6
1
1
1
2
8
1
1
1
2
1
1
1
1
1
1
1
1
1
1
1
1
1
1
1
1
2
1
2
2
2
1
1
1
2
1
1
1
1
1
1
1
1
1
1
2
1
1
1
1
1
1
1
7
2
2
1
1
1
1
1
1
1
1
4
1
2
1
2
2
1
1
1
1
2
1
1
1
1
1
1
5
1
1
1
1
2
1
1
1
1
1
1
1
1
1
1
1
2
1
1
1
2
11
1
1
1
1
1
1
1
1
1
1
1
4
2
5
1
1
2
1
1
1
1
1
1
1
1
1
2
2
1
2
6
3
6
1
2
1
1
1
1
1
1
1
1
1
1
1
1
1
1
1
1
1
1
1
1
3
3
2
1
1
1
1
1
1
1
2
2
2
3
1
1
1
1
1
4
1
4
3
4
4
1
3
1
1
1
1
1
3
1
1
1
1
4
1
1
1
1
3
1
2
1
1
1
1
1
5
6
2
1
1
1
1
2
1
1
1
1
1
2
1
2
1
1
1
1
1
1
2
1
1
1
2
2
1
1
1
1
1
1
4
1
1
1
1
1
1
1
1
3
3
1
1
1
1
1
2
2
6
1
1
1
3
1
1
1
1
1
1
1
1
2
1
3
4
1
1
1
1
1
5
2
2
1
1
2
1
1
1
1
1
1
1
1
1
1
1
1
1
1
1
1
1
1
3
2
1
1
2
2
1
1
1
1
1
1
1
1
1
1
1
1
1
1
1
1
1
1
1
1
1
1
1
2
2
3
2
1
1
1
1
1
1
1
1
1
4
1
1
1
1
1
1
2
1
1
1
1
2
2
1
4
1
1
2
1
1
1
1
1
1
1
1
1
1
1
1
1
1
1
1
1
1
1
1
1
1
1
1
1
1
1
1
1
1
1
2
1
1
1
1
2
1
1
1
1
1
1
1
1
1
2
1
1
1
1
1
1
1
1
1
1
1
1
1
1
2
5
1
4
1
1
1
1
1
1
1
1
1
1
4
1
1
1
1
1
1
1
1
2
1
1
2
1
2
1
1
1
1
1
1
1
2
2
1
1
1
2
1
1
1
2
1
1
6
1
28
1
1
1
1
1
1
3
4
3
1
1
1
1
1
1
4
2
1
6
1
1
1
1
1
1
6
4
1
2
1
1
1
1
2
1
1
1
1
1
1
1
3
2
1
3
4
1
1
1
4
1
1
2
1
1
1
1
1
1
1
1
1
1
1
1
2
1
1
2
1
1
1
2
1
2
1
1
1
1
1
1
2
1
1
1
1
1
1
1
1
1
1
1
1
4
2
1
1
1
3
2
1
2
4
2
1
1
1
1
2
2
2
4
3
3
2
2
2
2
1
1
1
1
1
3
1
1
1
1
1
1
1
1
1
1
1
1
1
2
1
3
1
1
1
1
1
1
1
1
1
1
1
1
1
1
1
1
1
1
1
1
1
1
1
1
1
1
1
1
1
1
1
1
1
1
3
1
1
1
1
1
1
1
1
2
1
1
1
1
2
1
1
1
1
1
1
2
2
3
2
1
1
1
1
1
1
1
1
1
1
2
8
1
2
2
1
2
1
1
1
1
1
3
1
1
1
1
1
1
1
1
1
1
14
1
2
2
1
1
1
1
1
1
1
1
1
1
2
1
1
1
1
1
2
1
1
1
1
1
8
1
1
1
1
1
1
1
2
1
2
2
1
1
1
1
1
1
1
1
1
1
1
1
1
1
1
1
1
1
1
3
1
3
3
1
1
1
1
1
1
2
1
1
1
1
1
1
1
1
6
1
1
12
1
1
1
2
1
1
1
1
3
1
1
1
1
1
1
1
1
1
1
1
5
3
1
1
1
1
1
1
1
2
1
1
1
4
1
2
1
1
1
2
1
1
1
2
1
7
3
2
13
9
1
1
2
1
1
1
1
1
1
1
1
2
1
2
1
1
1
1
1
1
1
1
1
5
4
1
3
1
2
6
2
1
1
1
1
1
1
1
1
1
4
1
1
1
1
1
1
1
1
1
1
1
3
1
1
2
1
1
1
1
1
1
1
1
1
1
1
1
1
2
1
1
1
1
1
1
1
1
1
1
1
1
1
1
1
1
1
1
1
1
1
1
1
1
1
1
1
1
1
1
1
1
1
1
1
1
1
3
1
1
1
1
1
1
1
1
1
1
2
1
1
3
1
1
1
1
1
1
1
1
1
2
1
1
1
1
1
1
1
1
1
6
1
1
1
1
1
1
2
7
1
4
1
1
1
2
1
1
1
1
1
1
1
1
1
1
1
3
1
1
2
1
2
1
1
1
1
2
1
1
2
1
3
7
2
1
1
1
1
1
8
1
1
1
1
1
1
1
1
4
2
1
2
1
1
1
1
1
1
3
1
2
2
1
1
1
1
2
1
3
1
1
1
1
1
1
1
1
1
1
1
1
1
1
1
1
1
1
1
1
1
1
2
1
2
2
1
1
1
1
1
1
1
1
1
1
1
1
2
1
1
1
2
3
2
1
2
1
2
1
1
1
1
1
1
1
1
1
1
1
1
2
1
1
1
1
1
1
1
1
1
8
2
1
1
1
1
1
1
1
1
2
1
1
1
1
2
3
1
1
1
1
1
1
1
2
1
1
1
1
1
1
2
1
1
2
1
1
3
1
1
1
1
1
2
1
1
4
1
1
1
1
1
1
1
1
2
4
1
1
1
1
1
1
1
1
1
1
1
1
1
1
1
1
1
1
1
1
2
1
3
1
4
1
1
1
5
4
1
1
1
2
1
15
1
1
2
1
1
1
6
1
1
1
1
4
1
1
3
1
1
1
1
1
1
1
1
1
1
1
1
1
1
1
1
1
1
2
1
1
1
1
1
2
1
1
1
1
1
2
7
1
1
1
1
1
1
1
2
1
1
1
1
1
1
1
1
1
10
1
1
4
1
1
3
1
1
1
1
1
1
1
1
1
1
2
4
1
2
1
1
1
1
1
1
2
1
1
1
1
1
1
1
1
1
1
1
1
1
1
1
1
1
1
1
1
1
1
4
1
3
1
1
1
1
3
1
1
1
1
1
5
1
1
1
1
1
1
2
3
1
1
1
1
2
1
1
1
1
1
1
1
1
1
2
3
1
1
1
1
1
2
2
1
14
1
1
1
1
1
3
1
1
1
1
1
1
2
2
1
1
1
1
1
1
1
1
1
1
2
1
2
3
1
1
2
1
1
6
2
4
1
1
1
1
2
1
1
1
1
1
3
1
1
1
1
3
1
1
2
1
2
6
1
2
1
1
1
2
1
1
1
1
1
1
1
2
1
1
1
1
1
1
1
1
2
1
1
2
2
1
2
1
1
1
8
5
1
1
1
2
1
1
9
1
4
1
3
1
2
1
1
1
1
1
1
1
1
1
1
1
1
1
1
1
1
1
1
1
1
1
1
1
1
1
1
1
1
1
1
1
1
2
1
7
1
1
1
1
1
1
1
1
1
1
1
1
1
1
1
1
1
1
1
1
1
1
1
2
1
1
1
2
1
1
5
1
1
1
1
1
1
3
1
1
2
1
1
2
1
1
1
2
1
1
1
1
2
1
1
1
1
2
1
3
1
1
1
1
1
1
2
1
1
1
1
1
1
1
1
1
1
1
1
1
1
2
1
1
1
1
1
1
1
1
1
1
1
1
1
1
1
1
1
1
1
1
1
1
1
1
1
1
1
1
1
1
1
1
1
2
1
5
2
1
1
1
1
1
1
1
1
1
1
1
1
2
1
1
1
1
1
2
1
1
1
1
1
1
1
1
2
1
1
1
10
1
1
1
1
3
4
1
4
1
1
2
1
1
1
1
1
1
1
4
1
1
2
1
1
1
1
1
1
1
1
1
1
1
1
1
5
1
1
1
1
1
2
1
2
2
1
1
1
1
1
1
1
1
1
2
1
1
1
1
1
1
1
1
1
1
1
1
1
1
1
1
2
1
1
1
3
2
1
1
1
2
2
1
1
1
1
1
1
1
1
1
1
1
1
2
3
1
1
2
10
4
1
2
3
1
1
1
1
1
1
1
1
1
1
2
1
1
1
1
1
1
1
1
1
1
1
1
1
1
1
1
2
1
2
1
2
1
1
1
2
1
1
1
1
1
1
1
1
2
1
1
1
1
1
2
1
2
1
1
1
1
1
1
1
1
1
1
1
1
1
1
1
1
1
1
1
1
1
1
1
1
1
1
1
1
1
1
1
1
1
1
4
1
3
1
1
1
1
1
1
1
1
1
1
1
1
1
1
1
1
2
1
1
1
1
5
3
2
1
1
1
2
1
1
1
2
2
1
1
1
1
1
3
1
1
1
1
1
4
1
2
1
1
1
1
1
1
1
1
1
1
1
1
1
1
1
1
1
1
1
1
2
1
1
1
1
1
1
2
1
2
2
1
1
1
1
1
1
1
1
1
1
1
1
1
6
3
1
5
1
1
2
1
2
1
1
1
1
1
1
1
1
1
1
2
1
1
1
1
1
1
1
1
1
1
1
1
1
1
1
2
1
1
1
1
1
1
2
1
1
1
1
1
1
4
1
2
2
5
1
1
1
1
1
1
1
1
1
1
2
1
1
2
1
1
1
4
1
1
1
1
1
3
1
1
3
1
2
2
1
1
1
1
1
1
1
1
1
1
1
1
1
1
1
1
1
2
1
1
1
1
1
2
1
1
1
1
1
3
1
1
1
3
1
1
1
1
1
1
1
1
1
1
1
1
1
1
1
1
1
2
1
1
1
1
1
1
1
1
1
1
1
1
3
5
1
3
1
1
1
1
1
3
3
1
1
2
1
1
1
2
1
1
1
1
1
1
1
1
1
1
1
1
1
1
1
2
1
2
1
1
1
1
1
1
1
1
1
1
1
1
1
1
1
1
1
1
1
2
1
1
1
1
1
1
1
3
1
1
1
1
1
1
1
1
1
2
1
1
1
1
1
1
1
1
2
1
1
1
3
1
2
1
3
2
2
1
1
1
1
2
1
1
5
1
1
2
7
1
6
2
1
1
1
1
1
1
1
1
1
1
1
1
1
1
1
1
1
1
1
1
1
1
3
2
1
1
2
1
1
1
2
1
1
1
1
1
1
1
1
1
2
1
1
2
1
1
1
1
1
1
1
1
1
1
1
1
2
1
1
1
1
1
1
1
1
3
1
1
1
1
1
1
2
1
1
1
1
2
1
1
1
1
1
1
1
1
1
1
1
1
1
1
1
1
3
1
1
1
3
2
2
1
1
1
1
1
1
1
1
1
1
1
1
1
1
1
3
1
1
1
1
1
1
1
2
1
1
1
1
1
1
1
2
1
1
1
1
1
1
1
1
1
1
1
3
1
1
1
1
1
2
1
1
2
1
3
1
2
1
1
2
1
1
1
2
1
1
1
1
2
1
1
1
1
2
2
1
1
2
1
1
1
1
1
1
1
1
1
1
1
1
1
1
1
1
1
1
1
1
1
1
3
1
1
1
1
1
1
1
1
1
1
1
1
1
1
1
1
1
1
1
1
1
1
1
1
1
1
1
1
1
1
2
1
1
1
1
1
2
1
1
1
1
1
1
2
1
1
1
1
1
1
1
1
1
1
1
2
1
2
1
1
2
1
3
1
1
1
1
1
1
2
1
2
1
1
1
1
1
1
1
1
1
1
1
1
1
3
1
1
2
1
2
3
1
1
1
1
3
1
1
1
1
1
1
1
1
1
1
2
1
1
1
1
1
1
1
1
1
1
1
1
1
1
2
1
1
1
1
1
1
2
1
1
1
1
1
1
1
1
1
1
1
1
1
1
1
1
1
1
1
1
1
1
1
1
1
2
1
1
1
1
5
5
1
1
1
5
1
1
1
1
2
1
1
1
1
1
1
1
1
1
1
1
1
1
1
2
1
1
1
1
1
1
1
1
1
1
1
1
1
1
7
1
1
1
1
2
1
1
1
1
1
1
1
1
1
1
1
2
1
1
1
1
1
1
1
1
1
1
1
1
1
1
1
1
1
1
1
1
1
1
1
1
1
1
1
1
1
1
1
1
1
1
1
1
1
1
1
1
1
2
1
1
1
1
1
1
1
1
1
1
1
1
1
1
1
1
1
39
4
1
1
1
1
1
1
1
1
1
1
1
1
1
1
1
2
3
1
1
1
1
1
1
1
1
1
1
2
1
1
1
1
1
1
1
1
1
1
1
1
1
1
1
1
5
1
2
2
2
1
1
4
2
1
1
1
1
1
2
1
3
2
3
1
1
1
1
1
1
2
3
1
1
1
1
1
1
1
1
1
1
1
1
1
1
1
1
2
1
1
1
4
3
2
1
1
2
1
1
1
1
1
1
1
1
1
1
1
1
1
1
1
1
1
1
1
1
1
1
1
1
5
1
1
1
1
2
1
1
1
1
1
1
1
1
1
1
1
1
1
1
1
3
1
1
1
1
1
1
1
1
1
1
1
1
1
1
1
1
1
1
1
1
1
1
1
1
1
1
2
2
1
1
3
1
1
1
1
1
1
1
1
2
1
1
1
1
1
1
1
1
1
1
1
1
1
1
1
1
2
2
1
1
1
1
1
1
1
2
1
1
1
1
1
1
1
1
1
2
1
1
1
1
1
1
1
1
1
1
1
1
1
1
1
1
1
2
1
2
1
1
1
3
1
1
1
1
2
2
1
1
1
1
1
2
1
1
1
1
1
1
1
1
1
1
1
1
1
1
1
1
1
1
1
1
1
1
1
2
2
1
2
5
1
1
1
1
1
1
1
2
1
1
1
1
1
1
2
1
1
1
1
1
1
1
1
1
1
1
2
2
1
1
1
1
1
1
1
1
1
1
1
1
1
4
1
1
1
1
1
1
1
1
1
1
1
1
1
1
1
3
2
1
1
2
1
1
1
1
1
1
1
1
2
1
1
1
1
1
1
1
1
1
1
1
1
1
1
1
1
1
1
1
1
1
1
1
1
1
1
1
1
1
1
1
1
1
1
1
1
1
1
1
1
1
1
1
1
1
1
5
1
1
1
1
2
1
1
1
1
1
1
1
1
1
1
1
1
1
1
1
1
1
1
1
1
1
1
6
1
1
1
1
1
1
1
1
1
1
3
1
1
1
1
2
1
1
1
1
1
1
1
1
1
1
2
1
1
1
1
1
1
1
1
1
1
4
1
1
1
1
1
1
1
1
1
1
1
1
1
1
1
1
1
1
1
1
1
1
1
1
1
1
1
1
3
1
2
1
4
2
1
1
1
2
2
1
1
1
2
1
1
1
1
1
1
1
1
1
1
1
1
1
1
1
1
1
1
2
1
1
1
1
1
1
1
1
1
1
1
1
1
1
1
1
1
1
1
1
1
1
1
1
1
1
1
1
1
2
1
1
1
1
2
1
1
1
2
1
1
1
1
1
1
1
1
1
1
1
1
1
1
1
1
1
2
1
1
1
1
1
1
1
1
1
1
1
1
1
1
1
2
1
1
1
1
1
1
1
2
1
1
1
1
1
2
1
2
1
1
1
1
1
1
1
1
1
1
1
1
1
1
1
1
1
1
1
1
1
1
1
1
1
1
1
2
1
1
1
1
1
1
7
1
2
1
1
1
1
1
1
1
1
1
1
1
1
1
1
1
2
2
1
1
1
1
1
1
1
1
1
1
1
1
1
1
1
1
1
1
1
1
1
1
1
1
1
1
1
1
1
1
1
1
1
1
1
3
1
1
1
5
1
1
1
1
1
1
1
1
1
1
1
1
1
1
1
1
1
1
1
1
1
1
1
1
1
5
1
1
1
1
1
1
1
1
1
1
1
1
1
1
1
1
1
1
1
1
1
2
1
1
1
1
1
1
2
1
1
1
1
1
1
1
1
1
1
1
1
1
1
1
1
1
1
1
1
1
1
1
2
1
1
1
1
1
1
1
1
1
1
1
1
2
1
1
1
1
1
1
1
1
1
1
1
1
1
1
1
1
1
1
1
1
1
1
1
1
1
1
1
2
1
1
1
1
1
1
2
1
1
1
1
1
1
1
1
1
2
1
1
1
1
1
2
1
1
2
2
1
1
1
1
1
1
1
1
1
1
1
1
1
1
1
1
1
1
1
1
1
1
1
1
1
1
1
1
1
1
1
1
1
1
2
1
1
3
1
1
1
1
1
1
1
1
3
1
1
1
4
1
1
1
1
1
1
1
1
1
1
1
1
1
2
1
1
1
1
1
1
1
1
1
1
1
1
1
1
1
1
1
1
1
2
1
1
1
1
1
1
1
1
1
1
1
1
1
1
1
1
1
1
1
1
1
10
1
1
1
1
1
1
1
1
2
2
1
1
3
7
1
1
1
1
1
1
1
1
1
1
1
1
1
2
1
1
1
1
1
3
1
1
1
1
1
1
1
1
1
1
1
1
1
1
1
1
1
1
1
1
1
1
1
2
1
1
2
1
5
1
1
4
1
2
1
8
1
1
1
2
1
1
1
1
1
1
1
2
2
2
2
1
2
1
1
1
1
1
2
1
1
1
1
1
1
1
1
1
1
1
1
1
1
1
1
1
1
1
1
4
1
2
1
1
1
1
2
1
1
1
1
1
1
41
1
1
1
1
2
1
1
1
1
1
1
1
1
1
1
1
1
1
1
1
1
1
1
1
1
1
1
1
1
1
1
1
1
1
1
1
1
1
1
1
1
1
2
1
1
1
1
1
1
1
1
1
1
1
1
1
1
1
1
1
1
2
1
1
1
1
3
1
1
1
1
1
1
2
1
1
1
1
1
1
1
1
1
1
1
1
1
1
1
1
1
1
2
1
1
2
1
1
1
1
1
2
1
1
1
2
2
1
1
1
1
1
1
1
1
1
1
1
1
1
1
1
1
1
1
1
2
1
1
1
1
4
1
1
1
1
1
1
1
1
1
1
1
1
1
1
1
1
1
1
1
1
1
1
1
1
1
1
1
1
1
2
1
1
1
1
1
1
1
1
1
1
1
1
1
1
1
1
1
1
1
3
3
3
1
1
1
1
1
1
1
1
1
1
1
1
1
1
1
1
1
1
1
1
1
1
1
1
1
1
2
2
1
1
1
1
1
1
1
1
1
1
1
1
1
1
1
1
1
1
1
1
1
1
1
1
1
1
1
1
1
1
1
2
1
1
1
1
1
1
1
1
1
1
1
1
1
1
1
1
2
1
1
1
1
2
1
1
1
1
1
1
1
1
1
1
1
1
1
1
1
1
1
1
1
2
1
2
1
1
1
1
1
1
1
1
1
1
1
2
2
1
1
1
1
1
1
1
1
1
1
1
1
1
2
2
1
1
1
1
1
1
1
1
1
1
1
1
1
1
1
1
1
1
1
4
4
1
1
1
2
1
1
1
1
1
1
1
1
2
1
1
1
1
1
1
1
2
1
1
2
1
1
1
1
1
1
1
1
1
1
1
1
1
1
1
2
1
1
1
1
1
1
1
1
1
1
1
1
1
2
1
1
1
1
1
1
1
1
1
1
1
1
1
1
1
1
1
1
1
1
1
1
1
1
1
2
1
1
1
1
1
1
1
1
1
1
1
1
1
1
1
1
1
1
1
1
1
1
1
1
1
1
1
2
1
1
1
1
1
1
1
1
1
1
1
1
1
1
1
1
1
1
1
1
1
2
1
1
1
1
1
1
1
1
1
1
1
1
1
1
1
1
1
1
2
1
1
1
1
1
1
1
1
1
1
1
3
1
1
1
1
1
1
1
1
1
1
1
1
1
1
1
1
1
1
1
1
1
1
1
1
1
1
1
1
1
1
1
1
1
1
1
1
1
1
1
1
2
1
1
2
1
1
1
1
1
1
1
1
1
1
1
1
1
1
1
1
1
1
1
1
2
1
1
1
1
1
1
2
1
1
1
1
2
1
1
1
2
1
1
1
1
1
1
1
1
1
1
1
1
1
1
1
1
1
1
1
1
1
1
1
1
1
1
1
1
1
1
1
1
1
1
1
1
1
1
1
1
1
1
1
1
1
2
2
1
1
1
1
1
1
1
1
1
1
1
1
1
1
1
1
1
1
1
2
1
1
1
1
1
1
2
1
1
1
1
1
1
1
1
1
1
1
1
1
1
1
1
1
1
1
1
1
1
2
1
1
1
1
1
1
1
1
1
1
1
1
1
1
1
1
1
1
1
1
1
1
1
1
2
1
1
1
1
1
1
1
1
1
1
1
1
1
1
1
1
1
1
1
1
1
1
1
1
1
1
1
1
1
1
1
1
1
1
1
1
1
1
1
1
1
1
1
1
1
1
1
1
1
1
1
1
1
1
1
1
4
1
1
1
3
1
1
1
1
1
1
1
1
1
1
1
1
1
1
2
1
1
1
1
1
1
1
2
1
1
1
1
1
1
1
1
1
1
1
1
1
1
1
1
1
1
1
1
1
1
1
1
1
1
1
1
1
1
1
1
1
1
1
1
1
1
1
1
1
1
1
1
1
1
1
1
1
1
1
1
1
1
1
1
1
1
1
1
1
1
1
1
1
1
1
1
1
1
1
1
1
2
1
1
1
1
1
1
1
1
1
1
1
1
1
1
1
1
1
1
1
1
1
1
1
1
1
1
2
1
1
1
1
1
1
1
1
1
1
1
1
1
1
1
1
1
1
1
1
1
1
1
1
1
1
1
1
1
1
1
1
1
1
1
1
1
1
1
1
1
1
1
1
1
1
1
1
1
1
1
1
1
1
1
1
1
1
1
1
1
1
1
1
1
1
1
1
1
1
1
1
1
1
1
1
1
1
1
1
1
1
1
1
1
1
1
1
1
1
1
1
1
1
1
1
1
2
1
1
1
1
1
1
1
1
1
1
1
1
1
1
1
1
1
1
1
1
1
1
1
1
1
1
2
1
1
1
1
1
1
1
1
1
1
1
1
1
1
1
1
1